{
 "cells": [
  {
   "cell_type": "markdown",
   "metadata": {},
   "source": [
    "### Import and Clean Poems"
   ]
  },
  {
   "cell_type": "code",
   "execution_count": 185,
   "metadata": {},
   "outputs": [],
   "source": [
    "import string\n",
    "from Bio import Phylo\n",
    "from sklearn.feature_extraction.text import TfidfVectorizer\n",
    "from sklearn.metrics.pairwise import cosine_distances\n",
    "import numpy as np\n",
    "import pronouncing as prn\n",
    "import gensim\n",
    "import scipy\n",
    "import ete3\n",
    "from skbio import DistanceMatrix\n",
    "from skbio.tree import nj"
   ]
  },
  {
   "cell_type": "code",
   "execution_count": 213,
   "metadata": {
    "code_folding": []
   },
   "outputs": [],
   "source": [
    "# Returns a list of poems, lowecase, no punctuation\n",
    "def make_poems_list(file_in):\n",
    "    with open(file_in, 'r') as file:\n",
    "        poems_list = file.read().split('\\n\\n')\n",
    "        # Get rid of poem titles, /n characters, and make characters lowercase\n",
    "        poems = [item.translate(str.maketrans('\\n',' ',string.punctuation)).lower() for item in poems_list[1::2]]\n",
    "            \n",
    "    return poems"
   ]
  },
  {
   "cell_type": "code",
   "execution_count": 214,
   "metadata": {},
   "outputs": [],
   "source": [
    "poems_list = make_poems_list('sonnets.txt')\n",
    "poems_list = poems_list_words[:20]"
   ]
  },
  {
   "cell_type": "markdown",
   "metadata": {},
   "source": [
    "### Input file -> list of poems, where poem is list of lines"
   ]
  },
  {
   "cell_type": "code",
   "execution_count": 215,
   "metadata": {
    "code_folding": []
   },
   "outputs": [],
   "source": [
    "# Returns a list of lists with text lowecase, no punctuation\n",
    "def make_poems_lines(file_in):\n",
    "    \n",
    "    '''Takes a text file of poems, returns a list of poems with titles and no punctuation'''\n",
    "    \n",
    "    poems = []    \n",
    "    with open(file_in, 'r') as file:\n",
    "        poems_raw = file.read().split('\\n\\n')\n",
    "        poems_clean = [poem.split('\\n')for poem in poems_raw]\n",
    "        for i in range(0, (int(len(poems_clean) - 1)), 2):\n",
    "            poem = poems_clean[i+1]\n",
    "            poems.append(poem)\n",
    "            \n",
    "    poems_clean = []\n",
    "    for poem in poems:\n",
    "        poem_clean = []\n",
    "        for line in poem:\n",
    "            poem_no_punc = line.translate(str.maketrans('','',string.punctuation)).rstrip().lower()\n",
    "            poem_no_punc = line\n",
    "            poem_clean.append(poem_no_punc)\n",
    "\n",
    "            \n",
    "        poems_clean.append(poem_clean)\n",
    "\n",
    "    return poems_clean"
   ]
  },
  {
   "cell_type": "code",
   "execution_count": 216,
   "metadata": {},
   "outputs": [],
   "source": [
    "poems_lines = make_poems_lines('sonnets.txt')\n",
    "#poems_lines = poems_lines[:20]"
   ]
  },
  {
   "cell_type": "markdown",
   "metadata": {},
   "source": [
    "### Words to Phonemes"
   ]
  },
  {
   "cell_type": "code",
   "execution_count": 219,
   "metadata": {
    "code_folding": [
     1
    ]
   },
   "outputs": [],
   "source": [
    "# Returns list of poems with phonemes instead of words, and list of slang words\n",
    "def poems_to_phones(poems):\n",
    "    poems_phones = []\n",
    "    poems_slang = []\n",
    "    \n",
    "    for poem in poems:\n",
    "        poem_phones = \"\"\n",
    "        poem_slang = []\n",
    "        \n",
    "        words = poem.split()\n",
    "        for word in words:\n",
    "            p = prn.phones_for_word(word)\n",
    "            if len(p) == 1: # there is only one pronunciation\n",
    "                poem_phones = poem_phones + p[0] + \" \"\n",
    "            elif len(p) > 1: # there is more than one pronunciation\n",
    "                # TODO fix this hack by figuring out which pronunciation is best instead of just choosing the 1st\n",
    "                poem_phones = poem_phones + p[0] + \" \"\n",
    "            else: # the word is not in the pronouncing dictionary\n",
    "                poem_slang.append(word)\n",
    "                poem_phones = poem_phones + word + \" \"\n",
    "        \n",
    "        poems_slang.append(poem_slang)    \n",
    "        poems_phones.append(poem_phones)\n",
    "        \n",
    "    return poems_phones, poems_slang"
   ]
  },
  {
   "cell_type": "code",
   "execution_count": 224,
   "metadata": {},
   "outputs": [],
   "source": [
    "phonemes, slang = poems_to_phones(poems_list)"
   ]
  },
  {
   "cell_type": "markdown",
   "metadata": {},
   "source": [
    "### Phonemes to Phoneme Types"
   ]
  },
  {
   "cell_type": "code",
   "execution_count": 221,
   "metadata": {
    "code_folding": [
     1
    ]
   },
   "outputs": [],
   "source": [
    "# Returns list of poems with phonemes instead of words, and list of slang words\n",
    "def phones_to_type(poems, do_vowels=False):\n",
    "    poems_types = []\n",
    "    \n",
    "    for poem in poems:\n",
    "        poem_types = \"\"\n",
    "        phones = poem.split()\n",
    "        \n",
    "        for phone in phones:\n",
    "            if phone in ['F', 'V', 'S', 'Z','HH', 'TH', 'SH', 'ZH', 'JH']:\n",
    "                poem_types = poem_types + 'fric' + \" \"\n",
    "            elif phone in ['P', 'B', 'T', 'D', 'K', 'G', 'CH', 'DH']:\n",
    "                poem_types = poem_types + 'plos' + \" \"\n",
    "            elif phone in ['M', 'N', 'NG']:\n",
    "                poem_types = poem_types + 'nasal' + \" \"\n",
    "            elif phone in ['L', 'R', 'W', 'Y']:\n",
    "                poem_types = poem_types + 'approx' + \" \"\n",
    "\n",
    "            if do_vowels is True: # to-do make this add specific vowel types\n",
    "                poem_types = poem_types + 'vowel' + \" \"\n",
    "            else:\n",
    "                pass\n",
    "                \n",
    "\n",
    "        \n",
    "        poems_types.append(poem_types)\n",
    "        \n",
    "    return poems_types"
   ]
  },
  {
   "cell_type": "code",
   "execution_count": 222,
   "metadata": {},
   "outputs": [],
   "source": [
    "phon_types = phones_to_type(phonemes)\n",
    "#phon_types"
   ]
  },
  {
   "cell_type": "markdown",
   "metadata": {
    "code_folding": []
   },
   "source": [
    "### Td-idf of Words"
   ]
  },
  {
   "cell_type": "code",
   "execution_count": 192,
   "metadata": {
    "code_folding": [
     1
    ]
   },
   "outputs": [],
   "source": [
    "# Get the pairwise similarity for each poem using td-idf\n",
    "def tdidf_dist(poems):\n",
    "    tdidf = TfidfVectorizer().fit_transform(poems)\n",
    "    pair_sim = (tdidf * tdidf.T).todense()\n",
    "    cos_dist = 1 - pair_sim\n",
    "    np.fill_diagonal(cos_dist, 0)\n",
    "    return cos_dist"
   ]
  },
  {
   "cell_type": "code",
   "execution_count": 193,
   "metadata": {},
   "outputs": [],
   "source": [
    "tdidf_words = tdidf_dist(poems_list)"
   ]
  },
  {
   "cell_type": "code",
   "execution_count": 194,
   "metadata": {
    "code_folding": [],
    "collapsed": true
   },
   "outputs": [
    {
     "data": {
      "text/plain": [
       "matrix([[0.        , 0.12991271, 0.12885287, 0.14379127, 0.17281599,\n",
       "         0.16829509, 0.2270379 , 0.20012106, 0.17167573, 0.14614443,\n",
       "         0.20286143, 0.11466729, 0.22047512, 0.1610357 , 0.14279037,\n",
       "         0.13419887, 0.1778295 , 0.16986422, 0.11036452, 0.19240922],\n",
       "        [0.12991271, 0.        , 0.13316003, 0.16554934, 0.20478772,\n",
       "         0.15428124, 0.27334067, 0.1825043 , 0.18584451, 0.12058933,\n",
       "         0.16560908, 0.1532277 , 0.23219757, 0.20299922, 0.15685706,\n",
       "         0.14154443, 0.17124706, 0.16998562, 0.11757506, 0.21507665],\n",
       "        [0.12885287, 0.13316003, 0.        , 0.16143752, 0.20067569,\n",
       "         0.18180524, 0.18893139, 0.16889831, 0.1246163 , 0.12429775,\n",
       "         0.14275072, 0.12352538, 0.2450133 , 0.16358738, 0.16355659,\n",
       "         0.18729033, 0.17646074, 0.15853775, 0.12218048, 0.17858815],\n",
       "        [0.14379127, 0.16554934, 0.16143752, 0.        , 0.19014159,\n",
       "         0.11135783, 0.24364376, 0.15658312, 0.22716822, 0.12707928,\n",
       "         0.1810752 , 0.16224434, 0.2183965 , 0.19270866, 0.169164  ,\n",
       "         0.17938828, 0.25726238, 0.1784882 , 0.17749854, 0.2110728 ],\n",
       "        [0.17281599, 0.20478772, 0.20067569, 0.19014159, 0.        ,\n",
       "         0.17104348, 0.18064611, 0.28341284, 0.15910513, 0.22084967,\n",
       "         0.20806536, 0.17808984, 0.16088125, 0.18875212, 0.15767645,\n",
       "         0.11770249, 0.21995193, 0.1618936 , 0.24574407, 0.21906626],\n",
       "        [0.16829509, 0.15428124, 0.18180524, 0.11135783, 0.17104348,\n",
       "         0.        , 0.29487057, 0.19120896, 0.23111858, 0.13148639,\n",
       "         0.19137134, 0.19194761, 0.23453494, 0.25334961, 0.19686431,\n",
       "         0.18262325, 0.29189309, 0.21529897, 0.21248863, 0.23246272],\n",
       "        [0.2270379 , 0.27334067, 0.18893139, 0.24364376, 0.18064611,\n",
       "         0.29487057, 0.        , 0.22938322, 0.14333583, 0.28431709,\n",
       "         0.22882486, 0.17638322, 0.20562264, 0.18842453, 0.18553907,\n",
       "         0.19259577, 0.18970768, 0.17162892, 0.21224555, 0.15179618],\n",
       "        [0.20012106, 0.1825043 , 0.16889831, 0.15658312, 0.28341284,\n",
       "         0.19120896, 0.22938322, 0.        , 0.2257582 , 0.18616397,\n",
       "         0.22023473, 0.17917285, 0.2509599 , 0.21689293, 0.1898331 ,\n",
       "         0.21909726, 0.24403714, 0.21569189, 0.16106959, 0.20045554],\n",
       "        [0.17167573, 0.18584451, 0.1246163 , 0.22716822, 0.15910513,\n",
       "         0.23111858, 0.14333583, 0.2257582 , 0.        , 0.19801524,\n",
       "         0.16708699, 0.14264725, 0.22049927, 0.17784318, 0.15902908,\n",
       "         0.15417068, 0.16450377, 0.1462658 , 0.17103115, 0.15340399],\n",
       "        [0.14614443, 0.12058933, 0.12429775, 0.12707928, 0.22084967,\n",
       "         0.13148639, 0.28431709, 0.18616397, 0.19801524, 0.        ,\n",
       "         0.14024771, 0.14041434, 0.22924509, 0.19670945, 0.14780394,\n",
       "         0.16450957, 0.20939301, 0.14437155, 0.16271209, 0.20758118],\n",
       "        [0.20286143, 0.16560908, 0.14275072, 0.1810752 , 0.20806536,\n",
       "         0.19137134, 0.22882486, 0.22023473, 0.16708699, 0.14024771,\n",
       "         0.        , 0.18019024, 0.23918723, 0.24569472, 0.19315276,\n",
       "         0.19156359, 0.24028188, 0.15133242, 0.20651959, 0.19042608],\n",
       "        [0.11466729, 0.1532277 , 0.12352538, 0.16224434, 0.17808984,\n",
       "         0.19194761, 0.17638322, 0.17917285, 0.14264725, 0.14041434,\n",
       "         0.18019024, 0.        , 0.20351099, 0.13802215, 0.1063991 ,\n",
       "         0.1495595 , 0.14909462, 0.12223068, 0.1203339 , 0.13439794],\n",
       "        [0.22047512, 0.23219757, 0.2450133 , 0.2183965 , 0.16088125,\n",
       "         0.23453494, 0.20562264, 0.2509599 , 0.22049927, 0.22924509,\n",
       "         0.23918723, 0.20351099, 0.        , 0.19202208, 0.14095522,\n",
       "         0.14051903, 0.14473355, 0.1286898 , 0.23758056, 0.20466753],\n",
       "        [0.1610357 , 0.20299922, 0.16358738, 0.19270866, 0.18875212,\n",
       "         0.25334961, 0.18842453, 0.21689293, 0.17784318, 0.19670945,\n",
       "         0.24569472, 0.13802215, 0.19202208, 0.        , 0.13178764,\n",
       "         0.10841301, 0.11386791, 0.1148357 , 0.16841245, 0.17832954],\n",
       "        [0.14279037, 0.15685706, 0.16355659, 0.169164  , 0.15767645,\n",
       "         0.19686431, 0.18553907, 0.1898331 , 0.15902908, 0.14780394,\n",
       "         0.19315276, 0.1063991 , 0.14095522, 0.13178764, 0.        ,\n",
       "         0.10724187, 0.13401209, 0.11840079, 0.16554465, 0.15173264],\n",
       "        [0.13419887, 0.14154443, 0.18729033, 0.17938828, 0.11770249,\n",
       "         0.18262325, 0.19259577, 0.21909726, 0.15417068, 0.16450957,\n",
       "         0.19156359, 0.1495595 , 0.14051903, 0.10841301, 0.10724187,\n",
       "         0.        , 0.12020936, 0.09584871, 0.13859752, 0.16339014],\n",
       "        [0.1778295 , 0.17124706, 0.17646074, 0.25726238, 0.21995193,\n",
       "         0.29189309, 0.18970768, 0.24403714, 0.16450377, 0.20939301,\n",
       "         0.24028188, 0.14909462, 0.14473355, 0.11386791, 0.13401209,\n",
       "         0.12020936, 0.        , 0.13215232, 0.14774742, 0.17629987],\n",
       "        [0.16986422, 0.16998562, 0.15853775, 0.1784882 , 0.1618936 ,\n",
       "         0.21529897, 0.17162892, 0.21569189, 0.1462658 , 0.14437155,\n",
       "         0.15133242, 0.12223068, 0.1286898 , 0.1148357 , 0.11840079,\n",
       "         0.09584871, 0.13215232, 0.        , 0.15156117, 0.12009452],\n",
       "        [0.11036452, 0.11757506, 0.12218048, 0.17749854, 0.24574407,\n",
       "         0.21248863, 0.21224555, 0.16106959, 0.17103115, 0.16271209,\n",
       "         0.20651959, 0.1203339 , 0.23758056, 0.16841245, 0.16554465,\n",
       "         0.13859752, 0.14774742, 0.15156117, 0.        , 0.15974022],\n",
       "        [0.19240922, 0.21507665, 0.17858815, 0.2110728 , 0.21906626,\n",
       "         0.23246272, 0.15179618, 0.20045554, 0.15340399, 0.20758118,\n",
       "         0.19042608, 0.13439794, 0.20466753, 0.17832954, 0.15173264,\n",
       "         0.16339014, 0.17629987, 0.12009452, 0.15974022, 0.        ]])"
      ]
     },
     "execution_count": 194,
     "metadata": {},
     "output_type": "execute_result"
    }
   ],
   "source": [
    "tdidf_phonemes = tdidf_dist(phonemes)\n",
    "tdidf_phonemes"
   ]
  },
  {
   "cell_type": "markdown",
   "metadata": {},
   "source": [
    "### Make Newick"
   ]
  },
  {
   "cell_type": "code",
   "execution_count": 195,
   "metadata": {
    "code_folding": [
     0
    ],
    "scrolled": true
   },
   "outputs": [],
   "source": [
    "def make_newick(dist_mat, file_out):\n",
    "    dm = DistanceMatrix(dist_mat)\n",
    "    tree = nj(dm, disallow_negative_branch_length=False)\n",
    "    tree.write(file_out)"
   ]
  },
  {
   "cell_type": "code",
   "execution_count": 196,
   "metadata": {},
   "outputs": [],
   "source": [
    "make_newick(tdidf_words, 'newick_words.txt')    \n",
    "make_newick(tdidf_phonemes, 'newick_phonemes.txt')"
   ]
  },
  {
   "cell_type": "markdown",
   "metadata": {},
   "source": [
    "### Use ETE to make tree images"
   ]
  },
  {
   "cell_type": "code",
   "execution_count": 197,
   "metadata": {
    "code_folding": [
     2,
     7
    ],
    "collapsed": true
   },
   "outputs": [
    {
     "data": {
      "text/plain": [
       "{'faces': [[3847.368870444035,\n",
       "   7941.176470588236,\n",
       "   4141.486517502858,\n",
       "   8235.29411764706,\n",
       "   29,\n",
       "   '14'],\n",
       "  [3847.368870444035,\n",
       "   8235.29411764706,\n",
       "   4118.862083113719,\n",
       "   8506.787330316743,\n",
       "   29,\n",
       "   '14'],\n",
       "  [3557.6965592057086,\n",
       "   588.2352941176471,\n",
       "   3716.0675999296905,\n",
       "   882.3529411764706,\n",
       "   4,\n",
       "   '0'],\n",
       "  [3557.6965592057086,\n",
       "   882.3529411764706,\n",
       "   3693.4431655405506,\n",
       "   1153.8461538461538,\n",
       "   4,\n",
       "   '0'],\n",
       "  [3766.429327076422,\n",
       "   1153.8461538461538,\n",
       "   4060.546974135246,\n",
       "   1447.9638009049775,\n",
       "   6,\n",
       "   '19'],\n",
       "  [3766.429327076422,\n",
       "   1447.9638009049775,\n",
       "   4037.9225397461055,\n",
       "   1719.4570135746608,\n",
       "   6,\n",
       "   '19'],\n",
       "  [3989.2050883193315,\n",
       "   8506.787330316743,\n",
       "   4283.322735378155,\n",
       "   8800.904977375567,\n",
       "   31,\n",
       "   '16'],\n",
       "  [3989.2050883193315,\n",
       "   8800.904977375567,\n",
       "   4260.698300989015,\n",
       "   9072.398190045249,\n",
       "   31,\n",
       "   '16'],\n",
       "  [3386.6948662134696,\n",
       "   6244.343891402716,\n",
       "   3680.812513272293,\n",
       "   6538.461538461539,\n",
       "   23,\n",
       "   '18'],\n",
       "  [3386.6948662134696,\n",
       "   6538.461538461539,\n",
       "   3658.1880788831527,\n",
       "   6809.954751131222,\n",
       "   23,\n",
       "   '18'],\n",
       "  [3442.616361499014,\n",
       "   22.624434389140273,\n",
       "   3600.9874022229965,\n",
       "   316.7420814479638,\n",
       "   3,\n",
       "   '1'],\n",
       "  [3442.616361499014,\n",
       "   316.7420814479638,\n",
       "   3578.362967833856,\n",
       "   588.2352941176471,\n",
       "   3,\n",
       "   '1'],\n",
       "  [3458.1734061532857,\n",
       "   5113.122171945702,\n",
       "   3752.2910532121095,\n",
       "   5407.239819004525,\n",
       "   20,\n",
       "   '17'],\n",
       "  [3458.1734061532857,\n",
       "   5407.239819004525,\n",
       "   3729.666618822969,\n",
       "   5678.733031674208,\n",
       "   20,\n",
       "   '17'],\n",
       "  [4339.164325507719,\n",
       "   9072.398190045249,\n",
       "   4633.281972566542,\n",
       "   9366.515837104072,\n",
       "   33,\n",
       "   '15'],\n",
       "  [4339.164325507719,\n",
       "   9366.515837104072,\n",
       "   4610.657538177402,\n",
       "   9638.009049773756,\n",
       "   33,\n",
       "   '15'],\n",
       "  [4174.9754905494,\n",
       "   1719.4570135746608,\n",
       "   4333.346531273382,\n",
       "   2013.5746606334842,\n",
       "   9,\n",
       "   '7'],\n",
       "  [4174.9754905494,\n",
       "   2013.5746606334842,\n",
       "   4310.722096884242,\n",
       "   2285.0678733031677,\n",
       "   9,\n",
       "   '7'],\n",
       "  [4547.511312217194,\n",
       "   9638.009049773756,\n",
       "   4841.628959276018,\n",
       "   9932.12669683258,\n",
       "   34,\n",
       "   '12'],\n",
       "  [4547.511312217194,\n",
       "   9932.12669683258,\n",
       "   4819.004524886877,\n",
       "   10203.619909502264,\n",
       "   34,\n",
       "   '12'],\n",
       "  [4327.8676467210325,\n",
       "   2285.0678733031677,\n",
       "   4486.238687445015,\n",
       "   2579.185520361991,\n",
       "   11,\n",
       "   '3'],\n",
       "  [4327.8676467210325,\n",
       "   2579.185520361991,\n",
       "   4463.6142530558745,\n",
       "   2850.6787330316743,\n",
       "   11,\n",
       "   '3'],\n",
       "  [3572.0794872823003,\n",
       "   6809.954751131222,\n",
       "   3866.197134341124,\n",
       "   7104.0723981900455,\n",
       "   24,\n",
       "   '11'],\n",
       "  [3572.0794872823003,\n",
       "   7104.0723981900455,\n",
       "   3820.9482655628435,\n",
       "   7375.565610859729,\n",
       "   24,\n",
       "   '11'],\n",
       "  [4422.14030885062,\n",
       "   3416.289592760181,\n",
       "   4580.511349574602,\n",
       "   3710.4072398190046,\n",
       "   14,\n",
       "   '5'],\n",
       "  [4422.14030885062,\n",
       "   3710.4072398190046,\n",
       "   4557.8869151854615,\n",
       "   3981.900452488688,\n",
       "   14,\n",
       "   '5'],\n",
       "  [3598.1123075493642,\n",
       "   10203.619909502264,\n",
       "   3756.483348273346,\n",
       "   10497.737556561087,\n",
       "   36,\n",
       "   '8'],\n",
       "  [3598.1123075493642,\n",
       "   10497.737556561087,\n",
       "   3733.858913884206,\n",
       "   10769.23076923077,\n",
       "   36,\n",
       "   '8'],\n",
       "  [3546.6263171875753,\n",
       "   5678.733031674208,\n",
       "   3840.7439642463987,\n",
       "   5972.850678733032,\n",
       "   21,\n",
       "   '13'],\n",
       "  [3546.6263171875753,\n",
       "   5972.850678733032,\n",
       "   3818.1195298572584,\n",
       "   6244.343891402716,\n",
       "   21,\n",
       "   '13'],\n",
       "  [3957.4842323365365,\n",
       "   10769.23076923077,\n",
       "   4115.855273060519,\n",
       "   11063.348416289593,\n",
       "   37,\n",
       "   '4'],\n",
       "  [3957.4842323365365,\n",
       "   11063.348416289593,\n",
       "   4093.2308386713785,\n",
       "   11334.841628959277,\n",
       "   37,\n",
       "   '4'],\n",
       "  [3853.77074108384,\n",
       "   3981.900452488688,\n",
       "   4147.888388142664,\n",
       "   4276.018099547511,\n",
       "   16,\n",
       "   '10'],\n",
       "  [3853.77074108384,\n",
       "   4276.018099547511,\n",
       "   4125.263953753523,\n",
       "   4547.511312217195,\n",
       "   16,\n",
       "   '10'],\n",
       "  [4159.305926389767,\n",
       "   2850.6787330316743,\n",
       "   4317.676967113749,\n",
       "   3144.796380090498,\n",
       "   13,\n",
       "   '9'],\n",
       "  [4159.305926389767,\n",
       "   3144.796380090498,\n",
       "   4295.052532724609,\n",
       "   3416.289592760181,\n",
       "   13,\n",
       "   '9'],\n",
       "  [3468.694049792439,\n",
       "   4547.511312217195,\n",
       "   3627.0650905164207,\n",
       "   4841.628959276019,\n",
       "   17,\n",
       "   '2'],\n",
       "  [3468.694049792439,\n",
       "   4841.628959276019,\n",
       "   3604.4406561272804,\n",
       "   5113.122171945702,\n",
       "   17,\n",
       "   '2'],\n",
       "  [3857.1214461552886,\n",
       "   7375.565610859729,\n",
       "   4015.4924868792705,\n",
       "   7669.683257918552,\n",
       "   26,\n",
       "   '6'],\n",
       "  [3857.1214461552886,\n",
       "   7669.683257918552,\n",
       "   3992.86805249013,\n",
       "   7941.176470588236,\n",
       "   26,\n",
       "   '6']],\n",
       " 'node_areas': {0: [22.62443438914027,\n",
       "   22.624434389140273,\n",
       "   4841.628959276019,\n",
       "   11334.841628959277],\n",
       "  1: [22.62443438914027,\n",
       "   22.624434389140273,\n",
       "   4580.511349574603,\n",
       "   5113.122171945702],\n",
       "  2: [67.4002087336997,\n",
       "   22.624434389140273,\n",
       "   3716.0675999296905,\n",
       "   1153.8461538461538],\n",
       "  3: [181.12178582907822,\n",
       "   22.624434389140273,\n",
       "   3600.9874022229965,\n",
       "   588.2352941176471],\n",
       "  4: [181.12178582907822,\n",
       "   588.2352941176471,\n",
       "   3716.0675999296905,\n",
       "   1153.8461538461538],\n",
       "  5: [67.4002087336997,\n",
       "   1153.8461538461538,\n",
       "   4580.511349574603,\n",
       "   5113.122171945702],\n",
       "  6: [142.5352831582938,\n",
       "   1153.8461538461538,\n",
       "   4060.546974135246,\n",
       "   1719.4570135746608],\n",
       "  7: [142.5352831582938,\n",
       "   1719.4570135746608,\n",
       "   4580.511349574603,\n",
       "   5113.122171945702],\n",
       "  8: [249.00249711300108,\n",
       "   1719.4570135746608,\n",
       "   4580.511349574603,\n",
       "   3981.900452488688],\n",
       "  9: [542.2745938681835,\n",
       "   1719.4570135746608,\n",
       "   4333.346531273382,\n",
       "   2285.0678733031677],\n",
       "  10: [542.2745938681835,\n",
       "   2285.0678733031677,\n",
       "   4580.511349574603,\n",
       "   3981.900452488688],\n",
       "  11: [869.472742543528,\n",
       "   2285.0678733031677,\n",
       "   4486.238687445015,\n",
       "   2850.6787330316743],\n",
       "  12: [869.472742543528,\n",
       "   2850.6787330316743,\n",
       "   4580.511349574603,\n",
       "   3981.900452488688],\n",
       "  13: [1171.2453501372647,\n",
       "   2850.6787330316743,\n",
       "   4317.676967113749,\n",
       "   3416.289592760181],\n",
       "  14: [1171.2453501372647,\n",
       "   3416.289592760181,\n",
       "   4580.511349574602,\n",
       "   3981.900452488688],\n",
       "  15: [249.00249711300108,\n",
       "   3981.900452488688,\n",
       "   4147.888388142664,\n",
       "   5113.122171945702],\n",
       "  16: [530.3824702456727,\n",
       "   3981.900452488688,\n",
       "   4147.888388142664,\n",
       "   4547.511312217195],\n",
       "  17: [530.3824702456727,\n",
       "   4547.511312217195,\n",
       "   3627.0650905164207,\n",
       "   5113.122171945702],\n",
       "  18: [22.62443438914027,\n",
       "   5113.122171945702,\n",
       "   3866.197134341124,\n",
       "   7375.565610859729],\n",
       "  19: [35.50617055569642,\n",
       "   5113.122171945702,\n",
       "   3840.7439642463987,\n",
       "   6244.343891402716],\n",
       "  20: [361.70930202338394,\n",
       "   5113.122171945702,\n",
       "   3752.2910532121095,\n",
       "   5678.733031674208],\n",
       "  21: [361.70930202338394,\n",
       "   5678.733031674208,\n",
       "   3840.7439642463987,\n",
       "   6244.343891402716],\n",
       "  22: [35.50617055569642,\n",
       "   6244.343891402716,\n",
       "   3866.197134341124,\n",
       "   7375.565610859729],\n",
       "  23: [204.4112268020772,\n",
       "   6244.343891402716,\n",
       "   3680.812513272293,\n",
       "   6809.954751131222],\n",
       "  24: [204.4112268020772,\n",
       "   6809.954751131222,\n",
       "   3866.197134341124,\n",
       "   7375.565610859729],\n",
       "  25: [22.62443438914027,\n",
       "   7375.565610859729,\n",
       "   4841.628959276019,\n",
       "   11334.841628959277],\n",
       "  26: [83.70365606949734,\n",
       "   7375.565610859729,\n",
       "   4015.4924868792705,\n",
       "   7941.176470588236],\n",
       "  27: [83.70365606949734,\n",
       "   7941.176470588236,\n",
       "   4841.628959276019,\n",
       "   11334.841628959277],\n",
       "  28: [124.78934974134538,\n",
       "   7941.176470588236,\n",
       "   4841.628959276019,\n",
       "   10203.619909502264],\n",
       "  29: [620.0820414890493,\n",
       "   7941.176470588236,\n",
       "   4141.486517502858,\n",
       "   8506.787330316743],\n",
       "  30: [620.0820414890493,\n",
       "   8506.787330316743,\n",
       "   4841.628959276019,\n",
       "   10203.619909502264],\n",
       "  31: [1140.2773265220158,\n",
       "   8506.787330316743,\n",
       "   4283.322735378155,\n",
       "   9072.398190045249],\n",
       "  32: [1140.2773265220158,\n",
       "   9072.398190045249,\n",
       "   4841.628959276018,\n",
       "   10203.619909502264],\n",
       "  33: [2096.214902545482,\n",
       "   9072.398190045249,\n",
       "   4633.281972566542,\n",
       "   9638.009049773756],\n",
       "  34: [2096.214902545482,\n",
       "   9638.009049773756,\n",
       "   4841.628959276018,\n",
       "   10203.619909502264],\n",
       "  35: [124.78934974134538,\n",
       "   10203.619909502264,\n",
       "   4115.855273060519,\n",
       "   11334.841628959277],\n",
       "  36: [295.21237099172794,\n",
       "   10203.619909502264,\n",
       "   3756.483348273346,\n",
       "   10769.23076923077],\n",
       "  37: [295.21237099172794,\n",
       "   10769.23076923077,\n",
       "   4115.855273060519,\n",
       "   11334.841628959277]},\n",
       " 'nodes': [[3768.183350082044,\n",
       "   8178.733031674208,\n",
       "   3858.6810876386053,\n",
       "   8269.23076923077,\n",
       "   29,\n",
       "   None],\n",
       "  [1903.9072102377897,\n",
       "   9592.760180995476,\n",
       "   1994.4049477943508,\n",
       "   9683.257918552037,\n",
       "   32,\n",
       "   None],\n",
       "  [3910.0195679573408,\n",
       "   8744.343891402716,\n",
       "   4000.5173055139016,\n",
       "   8834.841628959277,\n",
       "   31,\n",
       "   None],\n",
       "  [4259.978805145728,\n",
       "   9309.954751131223,\n",
       "   4350.4765427022885,\n",
       "   9400.452488687783,\n",
       "   33,\n",
       "   None],\n",
       "  [327.342467171351,\n",
       "   2451.923076923077,\n",
       "   417.84020472791207,\n",
       "   2542.420814479638,\n",
       "   8,\n",
       "   None],\n",
       "  [4095.7899701874094,\n",
       "   1957.0135746606336,\n",
       "   4186.287707743971,\n",
       "   2047.5113122171947,\n",
       "   9,\n",
       "   None],\n",
       "  [4468.3257918552035,\n",
       "   9875.565610859729,\n",
       "   4558.823529411764,\n",
       "   9966.06334841629,\n",
       "   34,\n",
       "   None],\n",
       "  [677.1650502358357,\n",
       "   2946.8325791855204,\n",
       "   767.6627877923968,\n",
       "   3037.330316742082,\n",
       "   10,\n",
       "   None],\n",
       "  [4248.682126359042,\n",
       "   2522.6244343891403,\n",
       "   4339.179863915602,\n",
       "   2613.1221719457017,\n",
       "   11,\n",
       "   None],\n",
       "  [4342.954788488629,\n",
       "   3653.8461538461543,\n",
       "   4433.45252604519,\n",
       "   3744.343891402715,\n",
       "   14,\n",
       "   None],\n",
       "  [3518.926787187373,\n",
       "   10441.176470588236,\n",
       "   3609.4245247439344,\n",
       "   10531.674208144797,\n",
       "   36,\n",
       "   None],\n",
       "  [1001.5620922187128,\n",
       "   3371.0407239819006,\n",
       "   1092.0598297752738,\n",
       "   3461.538461538462,\n",
       "   12,\n",
       "   None],\n",
       "  [3878.2987119745458,\n",
       "   11006.787330316743,\n",
       "   3968.7964495311066,\n",
       "   11097.285067873303,\n",
       "   37,\n",
       "   None],\n",
       "  [3774.585220721849,\n",
       "   4219.457013574661,\n",
       "   3865.0829582784104,\n",
       "   4309.954751131222,\n",
       "   16,\n",
       "   None],\n",
       "  [315.45034354884024,\n",
       "   4502.2624434389145,\n",
       "   405.9480811054013,\n",
       "   4592.760180995476,\n",
       "   15,\n",
       "   None],\n",
       "  [4080.120406027776,\n",
       "   3088.2352941176473,\n",
       "   4170.618143584337,\n",
       "   3178.733031674208,\n",
       "   13,\n",
       "   None],\n",
       "  [3389.5085294304477,\n",
       "   4785.067873303167,\n",
       "   3480.006266987009,\n",
       "   4875.565610859729,\n",
       "   17,\n",
       "   None],\n",
       "  [925.3451998251833,\n",
       "   9168.552036199095,\n",
       "   1015.8429373817444,\n",
       "   9259.049773755656,\n",
       "   30,\n",
       "   None]]}"
      ]
     },
     "execution_count": 197,
     "metadata": {},
     "output_type": "execute_result"
    }
   ],
   "source": [
    "from ete3 import Tree, faces, AttrFace, TreeStyle, NodeStyle\n",
    "def layout(node):\n",
    "    # If node is a leaf, add the nodes name and a its scientific name\n",
    "    if node.is_leaf():\n",
    "        faces.add_face_to_node(AttrFace(\"name\"), node, column=0)\n",
    "\n",
    "def make_circular_tree(): \n",
    "    t = Tree(\"newick_words.txt\")\n",
    "    \n",
    "    # Set bold branch to the root node\n",
    "    style = NodeStyle()\n",
    "    style[\"fgcolor\"] = \"#0f0f0f\"\n",
    "    style[\"size\"] = 0\n",
    "    style[\"vt_line_color\"] = \"#003B70\"\n",
    "    style[\"hz_line_color\"] = \"#003B70\"\n",
    "    style[\"vt_line_width\"] = 7\n",
    "    style[\"hz_line_width\"] = 7\n",
    "    style[\"vt_line_type\"] = 0 # 0 solid, 1 dashed, 2 dotted\n",
    "    style[\"hz_line_type\"] = 0\n",
    "    t.set_style(style)\n",
    "    \n",
    "    #Set solid lines to the first two branches\n",
    "    style1 = NodeStyle()\n",
    "    style1[\"fgcolor\"] = \"#0f0f0f\"\n",
    "    style1[\"size\"] = 0\n",
    "    style1[\"vt_line_color\"] = \"#003B70\"\n",
    "    style1[\"hz_line_color\"] = \"#003B70\"\n",
    "    style1[\"vt_line_width\"] = 7\n",
    "    style1[\"hz_line_width\"] = 7\n",
    "    style1[\"vt_line_type\"] = 0 # 0 solid, 1 dashed, 2 dotted\n",
    "    style1[\"hz_line_type\"] = 0\n",
    "        \n",
    "    # Set thick dashed blue lines \n",
    "    style3 = NodeStyle()\n",
    "    style3[\"shape\"] = \"circle\"\n",
    "    style3[\"vt_line_color\"] = \"#003B70\"\n",
    "    style3[\"hz_line_color\"] = \"#003B70\"\n",
    "    style3[\"vt_line_width\"] = 5\n",
    "    style3[\"hz_line_width\"] = 5\n",
    "    style3[\"vt_line_type\"] = 0 # 0 solid, 1 dashed, 2 dotted\n",
    "    style3[\"hz_line_type\"] = 0\n",
    "    \n",
    "    # Set thin dashed blue lines \n",
    "    style4 = NodeStyle()\n",
    "    style4[\"shape\"] = \"circle\"\n",
    "    style4[\"vt_line_color\"] = \"#003B70\"\n",
    "    style4[\"hz_line_color\"] = \"#003B70\"\n",
    "    style4[\"vt_line_width\"] = 4\n",
    "    style4[\"hz_line_width\"] = 4\n",
    "    style4[\"vt_line_type\"] = 0 # 0 solid, 1 dashed, 2 dotted\n",
    "    style4[\"hz_line_type\"] = 0\n",
    "    \n",
    "    # Set thin solid blue lines \n",
    "    style5 = NodeStyle()\n",
    "    style5[\"shape\"] = \"circle\"\n",
    "    style5[\"vt_line_color\"] = \"#003B70\"\n",
    "    style5[\"hz_line_color\"] = \"#003B70\"\n",
    "    style5[\"vt_line_width\"] = 3\n",
    "    style5[\"hz_line_width\"] = 3\n",
    "    style5[\"vt_line_type\"] = 0 # 0 solid, 1 dashed, 2 dotted\n",
    "    style5[\"hz_line_type\"] = 0\n",
    "    \n",
    "    # Set thin dashed blue lines \n",
    "    style6 = NodeStyle()\n",
    "    style6[\"shape\"] = \"circle\"\n",
    "    style6[\"vt_line_color\"] = \"#003B70\"\n",
    "    style6[\"hz_line_color\"] = \"#003B70\"\n",
    "    style6[\"vt_line_width\"] = 3\n",
    "    style6[\"hz_line_width\"] = 3\n",
    "    style6[\"vt_line_type\"] = 1 # 0 solid, 1 dashed, 2 dotted\n",
    "    style6[\"hz_line_type\"] = 1\n",
    "    \n",
    "    style7 = NodeStyle()\n",
    "    style7[\"shape\"] = \"circle\"\n",
    "    style7[\"vt_line_color\"] = \"#003B70\"\n",
    "    style7[\"hz_line_color\"] = \"#003B70\"\n",
    "    style7[\"vt_line_width\"] = 6\n",
    "    style7[\"hz_line_width\"] = 6\n",
    "    style7[\"vt_line_type\"] = 0 # 0 solid, 1 dashed, 2 dotted\n",
    "    style7[\"hz_line_type\"] = 0\n",
    "    \n",
    "    # Set dotted blue lines in all leaves\n",
    "    style2 = NodeStyle()\n",
    "    style2[\"fgcolor\"] = \"#000000\"\n",
    "    style2[\"shape\"] = \"circle\"\n",
    "    style2[\"vt_line_color\"] = \"#003B70\"\n",
    "    style2[\"hz_line_color\"] = \"#003B70\"\n",
    "    style2[\"vt_line_width\"] = 3\n",
    "    style2[\"hz_line_width\"] = 3\n",
    "    style2[\"vt_line_type\"] = 2 # 0 solid, 1 dashed, 2 dotted\n",
    "    style2[\"hz_line_type\"] = 2\n",
    "    \n",
    "    for l in t.iter_leaves():\n",
    "        l.img_style = style2\n",
    "        \n",
    "    #for node in t.traverse(\"postorder\"):\n",
    "        #node.img_style[\"size\"] = 15\n",
    "        #print(dir(node.img_style))\n",
    "        \n",
    "    for node in t.children:\n",
    "        node.img_style = style1\n",
    "\n",
    "        for child in node.children:\n",
    "            child.img_style = style1\n",
    "\n",
    "            for childer in child.children:\n",
    "                childer.img_style = style1\n",
    "\n",
    "                for childest in childer.children:\n",
    "                    childest.img_style = style7\n",
    "\n",
    "                    for next_of_kin in childest.children:\n",
    "                        next_of_kin.img_style = style3\n",
    "                        \n",
    "                        for last_surviving in next_of_kin.children:\n",
    "                            last_surviving.img_style = style4\n",
    "                            \n",
    "                            for a in last_surviving.children:\n",
    "                                a.img_style = style5\n",
    "                                \n",
    "                                for b in a.children:\n",
    "                                    b.img_style = style6\n",
    "\n",
    "        #item.children[1].img_style = style1\n",
    "        #item.children[2].img_style = style1\n",
    "\n",
    "    ts = TreeStyle()\n",
    "    #ts.scale = 5520\n",
    "    ts.optimal_scale_level = 'mid'\n",
    "    #ts.show_leaf_name = True\n",
    "    ts.show_scale = False\n",
    "    #ts.mode = \"c\"\n",
    "    #ts.arc_start = -180 # 0 degrees = 3 o'clock\n",
    "    #ts.arc_span = 180\n",
    "    ts.layout_fn = layout\n",
    "    #ts.complete_branch_lines_when_necessary = False\n",
    "    #ts.root_opening_factor = .5\n",
    "     \n",
    "\n",
    "    return t, ts\n",
    "\n",
    "t, ts = make_circular_tree()\n",
    "t.render(\"phylotree_circular_open_leaf_name_new.png\", w=5000, tree_style=ts)"
   ]
  },
  {
   "cell_type": "markdown",
   "metadata": {},
   "source": [
    "### Count phoneme frequencies and use to make distance matrix"
   ]
  },
  {
   "cell_type": "code",
   "execution_count": 198,
   "metadata": {
    "code_folding": [
     0
    ]
   },
   "outputs": [],
   "source": [
    "def count_phon_types(poems):\n",
    "    dict_list = []\n",
    "    \n",
    "    for poem in poems:\n",
    "        type_ct = dict([('nasal', 0), ('plos', 0), ('fric', 0), ('approx', 0)])\n",
    "        \n",
    "        for item in poem.split():\n",
    "            if item == 'nasal':\n",
    "                type_ct['nasal'] = type_ct['nasal'] + 1\n",
    "            elif item == 'plos':\n",
    "                type_ct['plos'] = type_ct['plos'] + 1\n",
    "            elif item == 'fric':\n",
    "                type_ct['fric'] = type_ct['fric'] + 1\n",
    "            elif item == 'approx':\n",
    "                type_ct['approx'] = type_ct['approx'] + 1\n",
    "        \n",
    "        dict_list.append(list(type_ct.values()))\n",
    "        \n",
    "    return dict_list"
   ]
  },
  {
   "cell_type": "code",
   "execution_count": 199,
   "metadata": {},
   "outputs": [],
   "source": [
    "phon_cts = count_phon_types(phon_types)"
   ]
  },
  {
   "cell_type": "code",
   "execution_count": 237,
   "metadata": {
    "code_folding": [
     0
    ]
   },
   "outputs": [],
   "source": [
    "def cos_dist_phon_cts(phon_cts):\n",
    "    #print(len(phon_cts))\n",
    "    dist_mat = np.zeros((len(phon_cts), len(phon_cts)))\n",
    "    for i in range(len(phon_cts)-1):\n",
    "        poem1 = phon_cts[i]\n",
    "\n",
    "        for j in range(len(phon_cts)-1):\n",
    "            poem2 = phon_cts[j]\n",
    "            dist = scipy.spatial.distance.cosine(poem1, poem2)\n",
    "\n",
    "            dist_mat[i,j] = dist\n",
    "    return dist_mat"
   ]
  },
  {
   "cell_type": "code",
   "execution_count": 238,
   "metadata": {
    "collapsed": true
   },
   "outputs": [
    {
     "data": {
      "text/plain": [
       "array([[0.        , 0.0111198 , 0.02689011, 0.01714237, 0.02148015,\n",
       "        0.00100155, 0.03316581, 0.01039162, 0.01932835, 0.01133446,\n",
       "        0.01011003, 0.01427229, 0.04490725, 0.01069389, 0.02383137,\n",
       "        0.03313187, 0.0300231 , 0.04210223, 0.00921807, 0.        ],\n",
       "       [0.0111198 , 0.        , 0.01852172, 0.01988194, 0.00380028,\n",
       "        0.00976321, 0.00907687, 0.0020168 , 0.00917488, 0.01265129,\n",
       "        0.00320657, 0.01492775, 0.01215785, 0.00787601, 0.00767976,\n",
       "        0.00791998, 0.00851137, 0.02046902, 0.00752572, 0.        ],\n",
       "       [0.02689011, 0.01852172, 0.        , 0.00442487, 0.01709024,\n",
       "        0.01998875, 0.01305951, 0.02012757, 0.00440836, 0.00382022,\n",
       "        0.00701149, 0.00596923, 0.0245789 , 0.00705442, 0.00509169,\n",
